22	16448824	16449805	ENSG00000130538
22	16256441	16287937	ENSG00000198062
22	17071641	17073700	ENSG00000198445
22	17264302	17306301	ENSG00000172967
22	17442826	17489112	ENSG00000215568
22	17565844	17596583	ENSG00000177663
22	17597187	17602257	ENSG00000183307
22	17618401	17646177	ENSG00000069998
22	17659680	17739125	ENSG00000093072
22	17840839	18037852	ENSG00000099954
22	18043150	18073761	ENSG00000182902
22	18074902	18111515	ENSG00000131100
22	18111621	18213621	ENSG00000099968
22	18216904	18257536	ENSG00000015475
22	18270415	18507327	ENSG00000243156
22	18560689	18588162	ENSG00000215193
22	18560755	18614487	ENSG00000288683
22	18592866	18629450	ENSG00000183785
22	18632937	18660164	ENSG00000184979
22	20366211	20368028	ENSG00000274252
22	20377669	20380440	ENSG00000278558
22	20455682	20461786	ENSG00000275793
22	20483851	20484549	ENSG00000286175
22	18893541	18901751	ENSG00000183628
22	18893751	18935245	ENSG00000283809
22	18900290	18924066	ENSG00000100033
22	19023795	19109967	ENSG00000070413
22	19117792	19132197	ENSG00000100056
22	19118821	19120135	ENSG00000206203
22	19134506	19137805	ENSG00000063515
22	19163094	19166252	ENSG00000100075
22	19166986	19279242	ENSG00000070371
22	19318221	19434973	ENSG00000100084
22	19338891	19435234	ENSG00000242259
22	19420068	19423598	ENSG00000185608
22	19437434	19466725	ENSG00000070010
22	19466980	19508135	ENSG00000093009
22	19510547	19515068	ENSG00000184113
22	19702026	19711747	ENSG00000184702
22	19704743	19712295	ENSG00000284874
22	19711062	19712294	ENSG00000203618
22	19744226	19771116	ENSG00000184058
22	19770746	19842462	ENSG00000185838
22	19833661	19842419	ENSG00000215012
22	19863040	19929343	ENSG00000184470
22	19928894	19957498	ENSG00000093010
22	19957419	20004346	ENSG00000099889
22	20004537	20054687	ENSG00000183597
22	20067755	20099400	ENSG00000128191
22	20099398	20104915	ENSG00000099899
22	20103461	20114878	ENSG00000099901
22	20116979	20135530	ENSG00000099904
22	20135939	20138578	ENSG00000234409
22	20228938	20270769	ENSG00000040608
22	20301761	20307603	ENSG00000128185
22	20748405	20762751	ENSG00000185252
22	20778874	20792113	ENSG00000244486
22	20783528	20800907	ENSG00000277971
22	20795806	20850131	ENSG00000099910
22	20850200	20941919	ENSG00000099917
22	21061979	21213705	ENSG00000241973
22	21128401	21142008	ENSG00000099937
22	21213295	21245502	ENSG00000099940
22	21271695	21308035	ENSG00000099942
22	21319396	21335649	ENSG00000183773
22	21336558	21353321	ENSG00000099949
22	21353393	21356485	ENSG00000184436
22	21364097	21382302	ENSG00000099957
22	21383007	21387129	ENSG00000099960
22	21400235	21418457	ENSG00000187905
22	21562262	21581926	ENSG00000133475
22	21714890	21715588	ENSG00000286102
22	21737663	21743767	ENSG00000274600
22	21771660	21805752	ENSG00000169635
22	21820712	21825558	ENSG00000206140
22	21899955	21905750	ENSG00000183246
22	21903736	21978323	ENSG00000185651
22	21982378	21984353	ENSG00000161179
22	21987005	21991618	ENSG00000161180
22	21996591	21998588	ENSG00000128228
22	22020289	22054304	ENSG00000100023
22	22051825	22090083	ENSG00000100027
22	22113946	22221970	ENSG00000100030
22	22273798	22307220	ENSG00000100034
22	22311397	22337210	ENSG00000100038
22	22599192	22599927	ENSG00000169575
22	22838767	22863060	ENSG00000275004
22	22868060	22874613	ENSG00000169548
22	22890123	22901768	ENSG00000185686
22	22987085	22990368	ENSG00000100121
22	23229960	23238291	ENSG00000254709
22	23401593	23487208	ENSG00000100218
22	23412705	23467219	ENSG00000128266
22	23487553	23507850	ENSG00000100228
22	23521891	23660224	ENSG00000186716
22	23915312	23922489	ENSG00000128322
22	23950639	23974508	ENSG00000189269
22	24030323	24041363	ENSG00000159496
22	24080869	24093299	ENSG00000187792
22	24094930	24096612	ENSG00000128218
22	24105177	24108050	ENSG00000169314
22	24108021	24110159	ENSG00000250479
22	24110413	24126503	ENSG00000099953
22	24129118	24180196	ENSG00000099956
22	24176690	24181315	ENSG00000099958
22	24198890	24228499	ENSG00000133460
22	24204375	24237410	ENSG00000251357
22	24236570	24237414	ENSG00000240972
22	24299601	24303382	ENSG00000133433
22	24309076	24314745	ENSG00000099974
22	24313554	24322019	ENSG00000099977
22	24313567	24322660	ENSG00000285762
22	24407642	24574596	ENSG00000099991
22	24577455	24585074	ENSG00000099994
22	24615622	24641076	ENSG00000099998
22	24666785	24813707	ENSG00000100014
22	24666866	24838324	ENSG00000258555
22	24813847	24838325	ENSG00000128271
22	24890075	24924358	ENSG00000100024
22	24936391	24951903	ENSG00000138867
22	24951926	24978020	ENSG00000100028
22	24951975	25024954	ENSG00000286070
22	24981588	24989175	ENSG00000178026
22	24990778	25024972	ENSG00000100031
22	25115001	25170687	ENSG00000184571
22	25202136	25323545	ENSG00000167037
22	25331065	25342662	ENSG00000206069
22	25348683	25593415	ENSG00000197077
22	25595825	25603326	ENSG00000100053
22	25608531	25627837	ENSG00000244752
22	25960642	26125261	ENSG00000100077
22	26138111	26427011	ENSG00000133454
22	26565428	26779563	ENSG00000100095
22	26825226	26840981	ENSG00000128203
22	26839389	26879803	ENSG00000100099
22	26879843	26890624	ENSG00000100104
22	26887191	26908471	ENSG00000100109
22	26917962	26992681	ENSG00000128294
22	26995242	27013991	ENSG00000100122
22	27017927	27026633	ENSG00000196431
22	28144265	28197744	ENSG00000169184
22	28247657	28316122	ENSG00000180957
22	28374002	29075828	ENSG00000100154
22	29083731	29138410	ENSG00000183765
22	29138027	29153503	ENSG00000100209
22	29168662	29185289	ENSG00000159873
22	29190543	29196585	ENSG00000100219
22	29279560	29453476	ENSG00000183579
22	29454660	29457819	ENSG00000100249
22	29469023	29564321	ENSG00000183762
22	29601885	29655586	ENSG00000186998
22	29655861	29664198	ENSG00000100263
22	29663998	29696515	ENSG00000182944
22	29702572	29708774	ENSG00000185340
22	29708922	29715668	ENSG00000100276
22	29723669	29784572	ENSG00000100280
22	29834572	29838444	ENSG00000128250
22	29876207	29887379	ENSG00000100285
22	29901868	29951205	ENSG00000100296
22	29950797	29977316	ENSG00000184117
22	29999545	30094587	ENSG00000186575
22	30115992	30127822	ENSG00000100314
22	30126945	30163000	ENSG00000100319
22	30163358	30166402	ENSG00000184076
22	30184598	30234293	ENSG00000100325
22	30279158	30426857	ENSG00000100330
22	30476453	30573064	ENSG00000176635
22	30636442	30642748	ENSG00000128342
22	30658818	30662840	ENSG00000099985
22	30681106	30685611	ENSG00000239282
22	30681227	30695471	ENSG00000248751
22	30687979	30722936	ENSG00000099992
22	30727977	30752908	ENSG00000099995
22	30752624	30774662	ENSG00000187860
22	30764800	30817760	ENSG00000099999
22	30792930	30821291	ENSG00000100003
22	30805244	30824977	ENSG00000249590
22	30821611	30825041	ENSG00000242114
22	30843946	30868004	ENSG00000100012
22	30884889	30901698	ENSG00000133488
22	30918786	30942728	ENSG00000214491
22	30950622	30970652	ENSG00000128242
22	30972612	31003070	ENSG00000100029
22	31002990	31023258	ENSG00000185339
22	31031768	31065003	ENSG00000100036
22	31048038	31063874	ENSG00000167065
22	31089769	31303811	ENSG00000184792
22	31321117	31364760	ENSG00000133422
22	31365231	31375381	ENSG00000253352
22	31460091	31500743	ENSG00000183963
22	31500758	31516055	ENSG00000198832
22	31518717	31530683	ENSG00000185133
22	31530793	31536494	ENSG00000100078
22	31556168	31603005	ENSG00000138942
22	31608225	31676066	ENSG00000182541
22	31677580	31688520	ENSG00000100100
22	31721790	31742332	ENSG00000100105
22	31795590	31926620	ENSG00000185721
22	31832963	31892094	ENSG00000184708
22	31884674	32014574	ENSG00000198089
22	32014477	32058207	ENSG00000241878
22	32072242	32146126	ENSG00000183530
22	32149853	32304019	ENSG00000100150
22	32150885	32352230	ENSG00000285404
22	32340508	32353590	ENSG00000128245
22	32439248	32509016	ENSG00000100170
22	32544993	32555309	ENSG00000205856
22	32586422	32601060	ENSG00000128253
22	32614451	32651334	ENSG00000100191
22	32750872	32757148	ENSG00000128276
22	32783569	32808235	ENSG00000100220
22	32809832	32860471	ENSG00000184459
22	32870663	32894816	ENSG00000100225
22	32903807	33454367	ENSG00000185666
22	33197691	33259028	ENSG00000100234
22	33558212	34318829	ENSG00000133424
22	35462129	35483380	ENSG00000175329
22	35653445	35691800	ENSG00000100281
22	35695268	35743985	ENSG00000100284
22	35776354	35790207	ENSG00000100292
22	35796127	35821424	ENSG00000100297
22	35936878	35950046	ENSG00000100302
22	36002811	36033998	ENSG00000198125
22	36044493	36064451	ENSG00000221963
22	36113919	36125530	ENSG00000128313
22	36134783	36424872	ENSG00000100320
22	36536377	36562225	ENSG00000128284
22	36585172	36600886	ENSG00000100336
22	36622255	36636000	ENSG00000128335
22	36649117	36663576	ENSG00000100342
22	36677326	36784055	ENSG00000100345
22	36863093	36877687	ENSG00000100348
22	36883237	36903268	ENSG00000100350
22	36906902	36925231	ENSG00000100353
22	36956904	37099797	ENSG00000166862
22	37154246	37172300	ENSG00000100360
22	37196728	37215523	ENSG00000100362
22	37257030	37274059	ENSG00000100365
22	37309670	37336481	ENSG00000100368
22	37387161	37403892	ENSG00000185264
22	37406900	37416224	ENSG00000128311
22	37415676	37425862	ENSG00000128309
22	37447779	37459430	ENSG00000100379
22	37461476	37505753	ENSG00000187045
22	37521883	37571094	ENSG00000100385
22	37576206	37595425	ENSG00000133466
22	37600277	37608517	ENSG00000278195
22	37621310	37640488	ENSG00000128340
22	37678068	37711382	ENSG00000100055
22	37764000	37823514	ENSG00000166897
22	37865101	37882431	ENSG00000100060
22	37886400	37915549	ENSG00000100065
22	37956487	37965412	ENSG00000128283
22	37966255	37978623	ENSG00000100079
22	38004732	38029571	ENSG00000100083
22	38030661	38052124	ENSG00000100092
22	38035700	38062939	ENSG00000285304
22	38054730	38062939	ENSG00000241360
22	38071643	38075809	ENSG00000100097
22	38077680	38089483	ENSG00000273899
22	38082421	38122510	ENSG00000100101
22	38093055	38172563	ENSG00000100106
22	38201236	38203439	ENSG00000189060
22	38203912	38213183	ENSG00000100116
22	38219389	38221492	ENSG00000128310
22	38226862	38245334	ENSG00000100124
22	38244875	38285414	ENSG00000100129
22	38301664	38338829	ENSG00000100139
22	38339057	38349676	ENSG00000128346
22	38348614	38437922	ENSG00000100142
22	38366693	38383429	ENSG00000100146
22	38452318	38471708	ENSG00000100151
22	38474141	38480191	ENSG00000100156
22	38480659	38507022	ENSG00000128298
22	38507502	38610785	ENSG00000184381
22	38596774	38612514	ENSG00000185022
22	38615298	38669016	ENSG00000198792
22	38686697	38714089	ENSG00000213923
22	38687924	38794527	ENSG00000283900
22	38822332	38851205	ENSG00000168135
22	38864083	38879452	ENSG00000100196
22	38879443	38903665	ENSG00000100201
22	38914953	38966209	ENSG00000100206
22	38974123	39052634	ENSG00000184949
22	39052641	39069859	ENSG00000100211
22	39077962	39081426	ENSG00000100216
22	39081548	39097561	ENSG00000100221
22	39101747	39134304	ENSG00000100226
22	39129295	39190148	ENSG00000100242
22	39174513	39190203	ENSG00000100246
22	39214457	39240033	ENSG00000221890
22	39257427	39268254	ENSG00000183741
22	39348746	39388783	ENSG00000128383
22	39378352	39388809	ENSG00000179750
22	39410262	39416357	ENSG00000244509
22	39410368	39429281	ENSG00000284554
22	39417118	39429282	ENSG00000243811
22	39436609	39451977	ENSG00000128394
22	39473072	39483748	ENSG00000239713
22	39493229	39500072	ENSG00000100298
22	39516172	39548685	ENSG00000100307
22	39619364	39640987	ENSG00000100311
22	39708887	39716394	ENSG00000100316
22	39745930	39781580	ENSG00000100321
22	39795783	39833065	ENSG00000100324
22	39853017	39888199	ENSG00000128268
22	39895437	39914137	ENSG00000100335
22	39900236	39900448	ENSG00000285025
22	39915700	39918688	ENSG00000128272
22	39925098	39928766	ENSG00000187051
22	39966758	40085740	ENSG00000100346
22	40139049	40289868	ENSG00000176177
22	40297088	40369725	ENSG00000100351
22	40356401	40360722	ENSG00000225528
22	40390958	40439538	ENSG00000133477
22	40440821	40731812	ENSG00000100354
22	40742465	40786467	ENSG00000239900
22	40742533	40806058	ENSG00000284431
22	40766595	40806293	ENSG00000100359
22	40806285	41032723	ENSG00000196588
22	41075277	41078816	ENSG00000128285
22	41165634	41215403	ENSG00000100372
22	41220539	41252643	ENSG00000100380
22	41253081	41328819	ENSG00000196236
22	41255553	41258117	ENSG00000172404
22	41347351	41369313	ENSG00000100387
22	41488596	41576081	ENSG00000100393
22	41601286	41627275	ENSG00000100395
22	41625514	41636935	ENSG00000100399
22	41640783	41682191	ENSG00000100401
22	41697529	41756151	ENSG00000100403
22	41763337	41795330	ENSG00000167074
22	41829498	41842805	ENSG00000183864
22	41843834	41925277	ENSG00000100412
22	41855721	41864696	ENSG00000100410
22	41921803	41940610	ENSG00000100413
22	41957014	41973745	ENSG00000172346
22	41972904	41985875	ENSG00000100417
22	41994032	42017047	ENSG00000100418
22	42017167	42060052	ENSG00000196419
22	42069937	42086508	ENSG00000100138
22	42095507	42195460	ENSG00000167077
22	42196683	42228168	ENSG00000100147
22	42229083	42303311	ENSG00000198911
22	42305547	42311078	ENSG00000234965
22	42318036	42322810	ENSG00000159958
22	42334741	42343156	ENSG00000100162
22	42348178	42354937	ENSG00000205704
22	42365447	42394225	ENSG00000100167
22	42394729	42454460	ENSG00000183066
22	42454338	42466846	ENSG00000198951
22	42470252	42475442	ENSG00000177096
22	42475695	42480288	ENSG00000183172
22	42481530	42486888	ENSG00000184983
22	42522501	42526867	ENSG00000100197
22	42556019	42739622	ENSG00000100207
22	42776413	42828409	ENSG00000235568
22	42904350	42915802	ENSG00000189306
22	42949623	42970388	ENSG00000183569
22	42979727	43010968	ENSG00000100227
22	42979842	43023694	ENSG00000289517
22	43011736	43116876	ENSG00000100243
22	43035809	43036607	ENSG00000249222
22	43088127	43117304	ENSG00000128274
22	43192508	43254112	ENSG00000242247
22	43231418	43411155	ENSG00000100266
22	43435522	43485425	ENSG00000100271
22	43506756	43525718	ENSG00000100290
22	43528215	43539404	ENSG00000100294
22	43547553	43559248	ENSG00000100300
22	43562628	43583140	ENSG00000100304
22	43593286	43739378	ENSG00000159307
22	43807202	43903728	ENSG00000186732
22	43924624	44208217	ENSG00000186976
22	44220389	44258393	ENSG00000130540
22	44275558	44287893	ENSG00000100341
22	44319672	44360368	ENSG00000100344
22	44351322	44406411	ENSG00000100347
22	44395091	44568819	ENSG00000188677
22	44568836	44615413	ENSG00000138964
22	44639545	44708831	ENSG00000138944
22	44888463	44894113	ENSG00000188636
22	45064427	45133561	ENSG00000186654
22	45098113	45258586	ENSG00000248405
22	45148438	45258668	ENSG00000241484
22	45277042	45405886	ENSG00000056487
22	45559806	45583898	ENSG00000093000
22	45588125	45636775	ENSG00000100364
22	45680830	45691755	ENSG00000100373
22	45704849	45737836	ENSG00000100376
22	45739944	45809500	ENSG00000077935
22	45809574	45828389	ENSG00000128408
22	45898118	45997015	ENSG00000077942
22	46067678	46241187	ENSG00000130638
22	46316246	46373042	ENSG00000188064
22	46546424	46639652	ENSG00000186951
22	46639908	46646208	ENSG00000205643
22	46651560	46659240	ENSG00000130943
22	46663858	46689905	ENSG00000075234
22	46692767	46726707	ENSG00000075218
22	46726772	46753237	ENSG00000100416
22	46756731	46933517	ENSG00000075275
22	46971909	47075687	ENSG00000075240
22	47080307	47134149	ENSG00000100422
22	47158514	47571342	ENSG00000054611
22	48885365	49246724	ENSG00000219438
22	50166931	50221521	ENSG00000100425
22	50247492	50283728	ENSG00000100426
22	50293877	50312086	ENSG00000182858
22	50311815	50321188	ENSG00000184164
22	50354416	50357720	ENSG00000198355
22	50430240	50451194	ENSG00000188263
22	50453552	50495364	ENSG00000138892
22	50497820	50523855	ENSG00000100427
22	50528308	50600119	ENSG00000073146
22	50609160	50618724	ENSG00000073150
22	50624342	50638027	ENSG00000170638
22	50639440	50656045	ENSG00000073169
22	50656118	50683452	ENSG00000128159
22	50683612	50689834	ENSG00000100429
22	50683879	50700145	ENSG00000188130
22	50702142	50709196	ENSG00000185386
22	50713408	50746075	ENSG00000196576
22	50747459	50765441	ENSG00000205593
22	50781733	50883519	ENSG00000100239
22	50881648	50922352	ENSG00000100241
22	50919972	50924869	ENSG00000128165
22	50925213	50929077	ENSG00000100253
22	50941378	50946131	ENSG00000100258
22	50946653	50963209	ENSG00000025770
22	50961997	50964890	ENSG00000284194
22	50964181	50968461	ENSG00000025708
22	50968139	50970935	ENSG00000177989
22	50984328	50989452	ENSG00000130487
22	50989541	51001348	ENSG00000217442
22	51007290	51016894	ENSG00000205560
22	51007298	51021394	ENSG00000254413
22	51017388	51039884	ENSG00000100288
22	51039222	51052409	ENSG00000008735
22	51061182	51066601	ENSG00000100299
22	51112843	51171640	ENSG00000251322
22	51176624	51183767	ENSG00000100312
22	51205929	51222095	ENSG00000079974